483307
116621
463331
742527
142814
84480
417040
531102
530541
421794
198628
13974
145197
577318
253332
2208
185280
99820
17568
233920
207328
457591
231012
8927
430144
94482
195132
180288
504284
13668
7868
451526
86488
148326
355212
108486
498
178374
11590
275825
220920
70336
20856
199090
236640
410750
145475
159668
217830
304134
80665
471675
10736
69300
263262
265496
428272
563000
130872
284632
30958
78312
86979
195364
173679
115500
214428
332340
721868
310986
179352
40386
55440
287124
30340
97745
46866
318092
255348
14964
15480
47740
48060
265997
935085
258587
361712
473637
436719
242792
229320
487872
774410
389550
310878
367693
25380
793880
319336
310898
