3
1 4
-5 5
5 -5
10
1 10
-10 5
5 -10
5
3 5
-20 0
20 0
8
1 9
-14 58
6 24
2
2 8
-57 -113
42 -31
4
1 4
-4 -5
4 5
2
1 1
-922 -491
423 82
3
1 4
-560 -650
496 -917
4
2 8
-562 339
501 357
10
1 1
-640 -227
822 741
5
1 5
-298 -324
961 -817
10
1 7
-331 88
199 110
5
1 3
-548 782
282 -558
7
1 9
-434 -856
622 -958
4
1 8
-219 213
856 392
9
1 7
-954 -241
759 -572
3
1 6
-159 71
615 493
2
1 4
-189 924
184 848
4
1 7
-329 149
558 887
2
4 5
-422 -692
821 947
3
1 6
-536 701
381 628
4
2 8
-131 -776
115 -631
8
1 10
-98 982
393 -339
9
1 6
-621 8
361 698
7
1 8
-177 -404
235 237
4
1 1
-348 372
934 -117
5
1 1
-541 818
486 698
3
1 1
-201 -822
826 -876
4
8 10
-542 -631
489 -350
5
2 9
-963 634
537 -279
5
7 5
-581 810
560 -675
6
1 7
-589 52
142 657
10
1 9
-841 -289
953 789
5
2 9
-905 -861
905 -459
2
1 9
-784 -296
688 -566
5
1 4
-155 -679
630 906
2
1 10
-521 2
512 3
2
1 10
-521 -3
512 -2
2
1 10
-2 100
2 100
2
1 10
-2 100
2 -100
2
1 10
-2 -100
2 100
2
1 10
-2 -100
2 -100
2
1 3
-3 -9
3 -3
2
1 10
-12 0
12 0
2
1 10
-12 1
12 0
2
1 10
-12 0
12 1
2
1 10
-12 -1
12 0
2
1 10
-12 0
2 11
2
1 10
-12 0
2 -11
2
1 10
-2 11
12 0
2
1 10
-2 -11
12 0
3
2 10
-4 13
12 3
2
1 3
-9 -9
3 3
3
4 4
-102 781
692 -865
0
