17.5032106371
41.3850388846
-1
102.0656847372
178.1399151364
19.5548716821
-1
1902.5072238303
1275.6298379451
-1
1705.3395315628
-1
-1
2110.8942887632
1247.6121687435
1941.0165638009
961.9337498360
1812.5567091270
1410.8998406163
-1
1618.5282888334
1442.9668804816
1518.9588615776
-1
783.6685011478
-1
-1
-1
-1
1764.8899446374
-1
1269.8467644449
2133.3767940764
2270.8862334386
1725.5375852062
-1
1033.0004840270
1033.0004840270
203.5378871409
208.1263972723
208.1263972723
203.5378871409
15.1941000310
24.1668603767
24.0905866413
24.0905866413
24.0905866413
29.0480784147
29.0480784147
29.0480784147
29.0480784147
34.4729518212
18.5182185793
-1
