3
1 4
-5 5
5 -5
10
1 10
-10 5
5 -10
5
3 5
-20 0
20 0
8
1 9
-14 58
6 24
2
2 8
-57 -113
42 -31
4
1 4
-4 -5
4 5
4
1 7
-661 807
785 -91
7
1 6
-565 533
615 -899
8
1 5
-429 231
523 106
5
1 3
-923 609
996 -916
3
1 5
-382 358
630 560
6
1 3
-126 -910
179 -172
9
2 6
-564 -927
224 735
3
4 9
-741 -643
961 -465
10
1 3
-219 -47
47 84
4
6 5
-763 684
585 -512
5
1 10
-80 195
527 -80
8
1 10
-135 303
15 -515
7
2 10
-609 5
52 -810
5
1 4
-72 80
548 -889
5
1 6
-700 -264
814 -646
3
1 2
-729 669
792 627
9
10 1
-628 335
542 859
3
1 5
-750 -153
727 -2
7
1 3
-946 -580
154 -487
9
1 6
-162 -795
647 -965
7
1 7
-785 -949
923 251
8
1 3
-612 -500
949 361
10
1 1
-663 -798
177 -600
2
1 1
-895 205
47 863
5
1 1
-866 338
690 -937
3
5 8
-345 280
460 848
5
1 3
-933 -539
39 73
2
1 3
-846 -558
753 964
9
1 6
-167 349
447 345
5
1 4
-602 496
835 697
2
1 10
-521 2
512 3
2
1 10
-521 -3
512 -2
2
1 10
-2 100
2 100
2
1 10
-2 100
2 -100
2
1 10
-2 -100
2 100
2
1 10
-2 -100
2 -100
2
1 3
-3 -9
3 -3
2
1 10
-12 0
12 0
2
1 10
-12 1
12 0
2
1 10
-12 0
12 1
2
1 10
-12 -1
12 0
2
1 10
-12 0
2 11
2
1 10
-12 0
2 -11
2
1 10
-2 11
12 0
2
1 10
-2 -11
12 0
3
2 10
-4 13
12 3
2
1 3
-9 -9
3 3
3
4 4
-102 781
692 -865
0
