17.5032106371
41.3850388846
-1
102.0656847372
178.1399151364
19.5548716821
1834.9789634556
1873.5315194265
-1
-1
1366.8852796355
-1
-1
-1
-1
-1
748.7826603277
864.2717696383
-1
-1
1789.2154878416
-1
-1
1492.2953992210
-1
-1
2193.1422296827
-1
-1
-1
-1
-1
-1
2237.5840635927
-1
-1
1033.0004840270
1033.0004840270
203.5378871409
208.1263972723
208.1263972723
203.5378871409
15.1941000310
24.1668603767
24.0905866413
24.0905866413
24.0905866413
29.0480784147
29.0480784147
29.0480784147
29.0480784147
34.4729518212
18.5182185793
-1
