0.41421
0.00000
0.08276
0.00000
48.74012
33.00000
0.00000
99.00000
0.00000
6.00000
51.00000
45.88225
10.00000
59.00000
20.62742
15.08326
17.00000
49.39697
38.46804
26.18377
71.00000
9.41381
41.00000
77.00000
18.00000
30.38143
62.00000
56.81118
38.69412
0.00000
0.00000
0.00000
0.00000
0.00000
0.00000
0.00000
0.00000
0.00000
0.00000
0.00000
0.00000
0.00000
0.00000
0.00000
0.00000
0.00000
0.00000
0.00000
0.00000
0.00000
0.00000
0.00000
0.00000
0.00000
0.00000
0.00000
0.00000
0.00000
0.00000
0.00000
0.00000
0.00000
0.00000
0.00000
0.00000
0.00000
0.00000
0.00000
0.00000
0.00000
0.00000
0.00000
0.00000
0.00000
0.00000
0.00000
0.00000
0.00000
0.00000
0.00000
0.00000
0.00000
0.00000
0.00000
0.00000
0.00000
