2 1
7 5
7 6
7 7
76 5
8 41
100 100
1 100
1 1
22 75
26 45
72 81
47 29
97 2
75 25
82 84
17 56
32 2
28 37
57 39
18 11
79 6
40 68
68 16
40 63
93 49
91 10
55 68
31 80
57 57
18 18
34 34
28 28
76 76
55 55
21 21
80 80
22 22
45 45
11 11
67 67
74 74
91 91
4 4
35 35
65 65
95 95
1 1
52 52
7 5
14 10
17 13
21 15
23 17
28 20
31 25
34 26
35 25
41 29
42 30
46 34
47 37
49 35
49 41
51 39
56 40
62 50
63 45
68 52
69 51
70 50
71 61
73 53
77 55
79 65
82 58
84 60
85 65
89 65
91 65
92 68
93 75
94 74
97 85
98 70
98 82
0 0
