0.4142135624
0
0.0827625303
0
48.7401153702
33
0.0000000000
99.0000000000
0.0000000000
53.0000000000
19.0000000000
9.0000000000
4.2415402772
66.5930025586
28.0377224247
2.0000000000
39.0000000000
20.6274169980
9.0000000000
1.3112887415
1.7279220614
49.8659108939
28.0000000000
32.0832611207
23.0000000000
16.7647321898
54.3506021728
13.0000000000
49.0000000000
0.0000000000
0.0000000000
0.0000000000
0.0000000000
0.0000000000
0.0000000000
0.0000000000
0.0000000000
0.0000000000
0.0000000000
0.0000000000
0.0000000000
0.0000000000
0.0000000000
0.0000000000
0.0000000000
0.0000000000
0.0000000000
0.0000000000
0.0000000000
0.0000000000
0.0000000000
0.0000000000
0.0000000000
0.0000000000
0.0000000000
0.0000000000
0.0000000000
0.0000000000
0.0000000000
0.0000000000
0.0000000000
0.0000000000
0.0000000000
0.0000000000
0.0000000000
0.0000000000
0.0000000000
0.0000000000
0.0000000000
0.0000000000
0.0000000000
0.0000000000
0.0000000000
0.0000000000
0.0000000000
0.0000000000
0.0000000000
0.0000000000
0.0000000000
0.0000000000
0.0000000000
0.0000000000
0.0000000000
0.0000000000
0.0000000000
0.0000000000
