2 1
7 5
7 6
7 7
76 5
8 41
100 100
1 100
1 1
25 31
2 53
96 22
89 99
7 66
32 2
68 33
75 92
84 10
94 28
54 12
9 80
43 21
51 92
20 97
7 25
67 17
38 100
86 4
83 20
6 6
81 81
58 58
59 59
53 53
2 2
54 54
62 62
25 25
35 35
79 79
64 64
27 27
49 49
32 32
95 95
100 100
20 20
39 39
92 92
7 5
14 10
17 13
21 15
23 17
28 20
31 25
34 26
35 25
41 29
42 30
46 34
47 37
49 35
49 41
51 39
56 40
62 50
63 45
68 52
69 51
70 50
71 61
73 53
77 55
79 65
82 58
84 60
85 65
89 65
91 65
92 68
93 75
94 74
97 85
98 70
98 82
0 0
