0.4142135624
0
0.0827625303
0
48.7401153702
33
0.0000000000
99.0000000000
0.0000000000
6.0000000000
51.0000000000
45.8822509939
10.0000000000
59.0000000000
20.6274169980
15.0832611207
17.0000000000
49.3969696197
38.4680374315
26.1837661841
71.0000000000
9.4138126515
41.0000000000
77.0000000000
18.0000000000
30.3814309619
62.0000000000
56.8111831820
38.6941223633
0.0000000000
0.0000000000
0.0000000000
0.0000000000
0.0000000000
0.0000000000
0.0000000000
0.0000000000
0.0000000000
0.0000000000
0.0000000000
0.0000000000
0.0000000000
0.0000000000
0.0000000000
0.0000000000
0.0000000000
0.0000000000
0.0000000000
0.0000000000
0.0000000000
0.0000000000
0.0000000000
0.0000000000
0.0000000000
0.0000000000
0.0000000000
0.0000000000
0.0000000000
0.0000000000
0.0000000000
0.0000000000
0.0000000000
0.0000000000
0.0000000000
0.0000000000
0.0000000000
0.0000000000
0.0000000000
0.0000000000
0.0000000000
0.0000000000
0.0000000000
0.0000000000
0.0000000000
0.0000000000
0.0000000000
0.0000000000
0.0000000000
0.0000000000
0.0000000000
0.0000000000
0.0000000000
0.0000000000
0.0000000000
0.0000000000
0.0000000000
