2 1
7 5
7 6
7 7
76 5
8 41
100 100
1 100
1 1
30 67
89 58
81 100
66 73
29 75
81 70
55 18
28 7
35 98
52 30
11 69
48 84
54 13
14 15
86 34
82 92
26 8
53 62
57 50
31 61
85 85
88 88
5 5
80 80
64 64
90 90
52 52
47 47
43 43
40 40
93 93
69 69
70 70
16 16
7 7
25 25
99 99
12 12
63 63
71 71
7 5
14 10
17 13
21 15
23 17
28 20
31 25
34 26
35 25
41 29
42 30
46 34
47 37
49 35
49 41
51 39
56 40
62 50
63 45
68 52
69 51
70 50
71 61
73 53
77 55
79 65
82 58
84 60
85 65
89 65
91 65
92 68
93 75
94 74
97 85
98 70
98 82
0 0
