0.4142135624
0
0.0827625303
0
48.7401153702
33
0.0000000000
99.0000000000
0.0000000000
37.0000000000
4.9364759102
19.0000000000
7.0000000000
46.0000000000
0.0357051796
20.8973006776
12.7989898732
63.0000000000
6.7695526217
58.0000000000
36.0000000000
25.1837661841
1.0000000000
26.8111831820
10.0000000000
10.3847763109
9.0000000000
0.3512336508
30.0000000000
0.0000000000
0.0000000000
0.0000000000
0.0000000000
0.0000000000
0.0000000000
0.0000000000
0.0000000000
0.0000000000
0.0000000000
0.0000000000
0.0000000000
0.0000000000
0.0000000000
0.0000000000
0.0000000000
0.0000000000
0.0000000000
0.0000000000
0.0000000000
0.0000000000
0.0000000000
0.0000000000
0.0000000000
0.0000000000
0.0000000000
0.0000000000
0.0000000000
0.0000000000
0.0000000000
0.0000000000
0.0000000000
0.0000000000
0.0000000000
0.0000000000
0.0000000000
0.0000000000
0.0000000000
0.0000000000
0.0000000000
0.0000000000
0.0000000000
0.0000000000
0.0000000000
0.0000000000
0.0000000000
0.0000000000
0.0000000000
0.0000000000
0.0000000000
0.0000000000
0.0000000000
0.0000000000
0.0000000000
0.0000000000
0.0000000000
0.0000000000
