0.4142135624
0
0.0827625303
0
48.7401153702
33
0.0000000000
99.0000000000
0.0000000000
0.0818791290
73.0000000000
3.4138126515
22.0000000000
20.3969696197
0.2728370662
57.0000000000
28.0000000000
0.2842712475
17.0000000000
36.0000000000
35.0000000000
33.3112887415
22.0000000000
0.2578417822
0.2253002427
3.0000000000
5.0000000000
97.0000000000
6.2964645563
0.0000000000
0.0000000000
0.0000000000
0.0000000000
0.0000000000
0.0000000000
0.0000000000
0.0000000000
0.0000000000
0.0000000000
0.0000000000
0.0000000000
0.0000000000
0.0000000000
0.0000000000
0.0000000000
0.0000000000
0.0000000000
0.0000000000
0.0000000000
0.0000000000
0.0000000000
0.0000000000
0.0000000000
0.0000000000
0.0000000000
0.0000000000
0.0000000000
0.0000000000
0.0000000000
0.0000000000
0.0000000000
0.0000000000
0.0000000000
0.0000000000
0.0000000000
0.0000000000
0.0000000000
0.0000000000
0.0000000000
0.0000000000
0.0000000000
0.0000000000
0.0000000000
0.0000000000
0.0000000000
0.0000000000
0.0000000000
0.0000000000
0.0000000000
0.0000000000
0.0000000000
0.0000000000
0.0000000000
0.0000000000
0.0000000000
0.0000000000
